__gfx__
00000000000000000000000000000000000000000000000000000000000000000000000000000000000000000000000000000000000000000000000000000000
00000000000000000000000000000000000000000000000000000000000000000000000000000000000000000000000000000000000000000000000000000000
00000003000000000000000000000000000000000000000000000000000000000000000000000000000000000000000000000000000000000000000000000000
00000003000000000000000000000000000000000000000000000000000000000000000000000000000000000000000000000000000000000000000000000000
00000033300000000000000000000000000000000000000000000000000000000000000000000000000000000000000000000000000000000000000000000000
00000033300000000000000000000000000000000000000000000000000000000000000000000000000000000000000000000000000000000000000000000000
00000333330000000000000000000000000000000000000000000000000000000000000000000000000000000000000000000000000000000000000000000000
00000333330000000000000000000000000000000000000000000000000000000000000000000000000000000000000000000000000000000000000000000000
00003333333000000000000000000000000000000000000000000000000000000000000000000000000000000000000000000000000000000000000000000000
00003333333000000000000000000000000000000000000000000000000000000000000000000000000000000000000000000000000000000000000000000000
00033333333300000000000000000000000000000000000000000000000000000000000000000000000000000000000000000000000000000000000000000000
00033333333300000000000000000000000000000000000000000000000000000000000000000000000000000000000000000000000000000000000000000000
00333333333330000000000000000000000000000000000000000000000000000000000000000000000000000000000000000000000000000000000000000000
00333333333330000000000000000000000000000000000000000000000000000000000000000000000000000000000000000000000000000000000000000000
